"ozturk" <-
c(4.114, 0.1333, 0.0193, 0.1588)
