"x00m700p4" <-
c(12.1, 8.757, 6.678, 5.702, 5.796, 11.28, 16.16, 10.55, 5.072, 
9.01, 1.701, 5.67, 3.026, 7.262, 3.497, 6.804, 11.5, 7.655, 6.045, 
3.215, 9.074, 12.89, 6.806, 6.086, 7.087, 5.292, 5.072, 5.229, 
6.458, 5.859, 7.056, 7.119, 11.75, 7.568, 15.8, 6.273, 9.041, 
14.9, 4.993, 10.02, 7.025, 2.523, 5.742, 7.941, 4.316, 10.84, 
8.927, 7.087, 7.403, 6.962, 4.777, 9.055, 4.007, 14.03, 7.591, 
6.587, 7.56, 2.646, 13.48, 11.44, 8.87, 7.341, 7.34, 7.844, 13.99, 
8.757, 4.694, 3.704, 11.53, 5.765, 7.656, 3.938, 2.849, 3.15, 
9.185, 9.344, 6.832, 9.293, 9.926, 6.928, 10.92, 10.46, 6.418, 
7.818, 6.286, 5.513, 15.38, 6.117, 3.451, 5.171, 6.806, 11.05, 
8.456, 8.554, 11.04, 11.04, 10.25, 13.65, 16.91, 7.825)
